Check Number   Amount         Running Total

401889         20.0           20.00
403013         15.62          35.62
404653         2000.0         2,035.62
406892         2.17           2,037.79
412560         3.58           2,041.37
413513         38.34          2,079.71
423481         2.87           2,082.58
428372         15.79          2,098.37
431304         58.0           2,156.37
433732         69.63          2,226.00
439744         31.11          2,257.11
439818         13.36          2,270.47
441299         10.0           2,280.47
444121         25.11          2,305.58
444143         6.68           2,312.26
444147         60.0           2,372.26
446783         35.3           2,407.56
447628         22.99          2,430.55
449917         205.04         2,635.59
449940         47.42          2,683.01
449969         255.39         2,938.40
450005         15.43          2,953.83
450142         28.95          2,982.78
450802         238.74         3,221.52
451805         2910.94        6,132.46
453188         3250.0         9,382.46
453533         171.8          9,554.26
454532         1700.0         11,254.26
455908         2300.0         13,554.26
456018         1.71           13,555.97
456765         1.86           13,557.83
457908         19.18          13,577.01
457982         500.0          14,077.01
458924         23.65          14,100.66
458938         2.36           14,103.02
458950         4.13           14,107.15
458955         7.9            14,115.05
458971         19.95          14,135.00
460114         23.25          14,158.25
460137         14.46          14,172.71
460456         1526.82        15,699.53
462655         18.97          15,718.50
462672         8.63           15,727.13
462678         121.72         15,848.85
462801         46.28          15,895.13
462808         150.53         16,045.66
463018         1125.0         17,170.66
463782         30.75          17,201.41
463785         1.04           17,202.45
464214         12500.0        29,702.45
464272         1.91           29,704.36
464282         21.28          29,725.64
464287         200.2          29,925.84
464335         30.0           29,955.84
464362         100.75         30,056.59
464367         2.0            30,058.59
464391         29.56          30,088.15
464392         48.8           30,136.95
464437         3296.59        33,433.54
464695         3900.0         37,333.54
464848         46.26          37,379.80
464875         7.86           37,387.66
464884         46.09          37,433.75
464999         1564.21        38,997.96
465096         10440.0        49,437.96
465101         2500.0         51,937.96
465163         2000.0         53,937.96
465571         3878.0         57,815.96
465881         75.05          57,891.01
465940         13.85          57,904.86
465947         483.0          58,387.86
465949         380.0          58,767.86
465971         2.0            58,769.86
465981         1.15           58,771.01
465992         11.9           58,782.91
465998         22.02          58,804.93
466000         3.5            58,808.43
466003         52.99          58,861.42
466005         456.32         59,317.74
466010         300.0          59,617.74
466016         18.48          59,636.22
466029         98.63          59,734.85
466030         694.62         60,429.47
466031         65.8           60,495.27
466331         24.47          60,519.74
466348         30.0           60,549.74
466368         161.31         60,711.05
466370         292.81         61,003.86
466500         1534.78        62,538.64
466535         1500.0         64,038.64
466801         524.81         64,563.45
466838         29.21          64,592.66
466861         2.51           64,595.17
466871         7.36           64,602.53
466872         1.92           64,604.45
466876         5.77           64,610.22
466883         156.06         64,766.28
466884         13.37          64,779.65
466894         82.23          64,861.88
467509         9900.0         74,761.88
467573         1900.0         76,661.88
467698         10.66          76,672.54
467714         70.0           76,742.54
467717         44.14          76,786.68
467732         32.52          76,819.20
467736         50.0           76,869.20
467745         54.48          76,923.68
467755         166.17         77,089.85
468165         1500.0         78,589.85
468362         44.52          78,634.37
468367         90.0           78,724.37
468371         100.0          78,824.37
468393         2120.31        80,944.68
468458         33.31          80,977.99
469394         60.0           81,037.99
469399         127.04         81,165.03
469418         198.94         81,363.97
469433         139.4          81,503.37
469443         22.01          81,525.38
469457         69.74          81,595.12
469472         19.8           81,614.92
469481         2.39           81,617.31
469483         52.88          81,670.19
469485         50.0           81,720.19
469502         95.17          81,815.36
469506         115.52         81,930.88
469510         141.21         82,072.09
469521         43.5           82,115.59
469525         202.33         82,317.92
469528         116.8          82,434.72
469530         3.1            82,437.82
469533         24.11          82,461.93
469553         280.0          82,741.93
469558         5.96           82,747.89
469565         1.38           82,749.27
469575         23.75          82,773.02
469585         942.78         83,715.80
469586         10.0           83,725.80
469653         4000.0         87,725.80
469655         2300.0         90,025.80
469703         45.48          90,071.28
469712         429.66         90,500.94
469715         1.75           90,502.69
469717         21.71          90,524.40
469725         345.14         90,869.54
469733         24.14          90,893.68
469734         26.0           90,919.68
469735         37.87          90,957.55
469738         22.28          90,979.83
469998         2480.49        93,460.32
470224         49.84          93,510.16
470227         134.0          93,644.16
470236         25.0           93,669.16
470243         99.27          93,768.43
470247         2.3            93,770.73
470251         4.42           93,775.15
470255         1.2            93,776.35
470257         1.32           93,777.67
470269         1.31           93,778.98
470282         100.0          93,878.98
470292         59.0           93,937.98
470298         27.63          93,965.61
470300         1.86           93,967.47
470306         20.0           93,987.47
470566         3050.0         97,037.47
470593         3000.0         100,037.47
470744         1680.0         101,717.47
470768         7000.0         108,717.47
470938         2.4            108,719.87
470941         20.0           108,739.87
470949         250.0          108,989.87
470950         121.77         109,111.64
470958         23.64          109,135.28
470960         48.06          109,183.34
470965         100.0          109,283.34
470975         143.5          109,426.84
470980         2000.0         111,426.84
470981         2000.0         113,426.84
470982         1000.0         114,426.84
471116         2350.0         116,776.84
471313         3612.54        120,389.38
471426         5700.0         126,089.38
471613         650.0          126,739.38
471614         1600.0         128,339.38
471691         4.01           128,343.39
471692         39.9           128,383.29
471694         1.3            128,384.59
471719         115.79         128,500.38
471728         121.57         128,621.95
471733         31.91          128,653.86
471757         521.62         129,175.48
471864         10000.0        139,175.48
472038         3000.0         142,175.48
472104         1938.0         144,113.48
472282         1500.0         145,613.48
472329         2000.0         147,613.48
472463         2757.68        150,371.16
472497         6500.0         156,871.16
472498         597.85         157,469.01
472650         2300.0         159,769.01
472765         4500.0         164,269.01
472868         2346.0         166,615.01
472907         1000.0         167,615.01
472956         2400.0         170,015.01
472986         6000.0         176,015.01
473337         3311.11        179,326.12
473390         1500.0         180,826.12
473465         11.0           180,837.12
473472         15.0           180,852.12
473473         231.93         181,084.05
473477         2.26           181,086.31
473482         200.5          181,286.81
473483         200.48         181,487.29
473490         200.18         181,687.47
473497         86.82          181,774.29
473508         300.66         182,074.95
473526         11.69          182,086.64
473538         39.0           182,125.64
473542         83.92          182,209.56
473544         200.08         182,409.64
473550         41.39          182,451.03
473551         385.01         182,836.04
473552         250.0          183,086.04
473570         2149.76        185,235.80
473648         1300.0         186,535.80
473660         25.46          186,561.26
473664         1.31           186,562.57
473665         66.67          186,629.24
473670         112.04         186,741.28
473683         35.68          186,776.96
473687         87.11          186,864.07
473813         2275.0         189,139.07
473814         323.0          189,462.07
473856         8000.0         197,462.07
473910         160.42         197,622.49
473912         28.86          197,651.35
473913         2.26           197,653.61
473917         125.0          197,778.61
473920         18.25          197,796.86
473921         507.36         198,304.22
473933         1000.0         199,304.22
473935         249.12         199,553.34
473938         2850.0         202,403.34
473940         104.46         202,507.80
473951         488.0          202,995.80
473952         35.89          203,031.69
473954         414.55         203,446.24
473957         250.0          203,696.24
473958         60.77          203,757.01
474318         807.93         204,564.94
474334         15000.0        219,564.94
474662         2000.0         221,564.94
474689         60.0           221,624.94
474716         3960.99        225,585.93
474759         7722.0         233,307.93
474874         3000.0         236,307.93
474930         7672.5         243,980.43
474963         42.47          244,022.90
474964         99.85          244,122.75
474969         10.0           244,132.75
475064         2172.37        246,305.12
475096         2600.0         248,905.12
475154         3132.65        252,037.77
475187         1.34           252,039.11
475191         45.0           252,084.11
475197         200.09         252,284.20
475203         300.21         252,584.41
475204         2007.58        254,591.99
475209         200.54         254,792.53
475212         300.66         255,093.19
475215         184.58         255,277.77
475219         319.33         255,597.10
475224         225.16         255,822.26
475229         225.13         256,047.39
475230         201.6          256,248.99
475234         500.27         256,749.26
475240         200.04         256,949.30
475243         23.01          256,972.31
475246         89.99          257,062.30
475249         1181.36        258,243.66
475260         403.66         258,647.32
475262         369.62         259,016.94
475267         222.99         259,239.93
475269         25.0           259,264.93
475274         18.0           259,282.93
475275         22.29          259,305.22
475285         64.48          259,369.70
475286         30.05          259,399.75
475288         864.0          260,263.75
475290         10.83          260,274.58
475294         110.0          260,384.58
475296         100.0          260,484.58
475297         1664.89        262,149.47
475302         175.75         262,325.22
475305         2500.0         264,825.22
475343         6900.0         271,725.22
475367         1247.0         272,972.22
475385         1800.0         274,772.22
475395         4500.0         279,272.22
475397         951.0          280,223.22
475415         1052.23        281,275.45
475427         198.17         281,473.62
475494         9975.0         291,448.62
475503         206.15         291,654.77
475532         10.09          291,664.86
475534         200.0          291,864.86
475537         321.24         292,186.10
475538         21.17          292,207.27
475539         99.12          292,306.39
475548         73.42          292,379.81
475549         1.21           292,381.02
475550         28.5           292,409.52
475555         2.13           292,411.65
475556         69.79          292,481.44
475559         121.02         292,602.46
475560         2.0            292,604.46
475562         48.36          292,652.82
475566         400.0          293,052.82
475571         14.0           293,066.82
475572         7.75           293,074.57
475631         536.62         293,611.19
475632         96.14          293,707.33
475633         121.45         293,828.78
475635         24.04          293,852.82
475637         6.05           293,858.87
475640         71.26          293,930.13
475642         328.68         294,258.81
475647         62.0           294,320.81
475648         54.76          294,375.57
475652         46.73          294,422.30
475657         102.63         294,524.93
475658         16.76          294,541.69
475668         1.75           294,543.44
475669         7.66           294,551.10
475670         131.17         294,682.27
475671         49.02          294,731.29
475692         173.61         294,904.90
475694         138.14         295,043.04
475698         488.32         295,531.36
475701         3.85           295,535.21
475704         535.62         296,070.83
475710         131.31         296,202.14
475711         16.17          296,218.31
475713         41.4           296,259.71
475714         269.53         296,529.24
475717         450.65         296,979.89
475720         3465.0         300,444.89
475725         230.0          300,674.89
475727         3000.0         303,674.89
475731         2200.0         305,874.89
475733         3168.0         309,042.89
475738         3496.0         312,538.89
475739         2500.0         315,038.89
475740         2500.0         317,538.89
475752         5000.0         322,538.89
475758         800.0          323,338.89
475760         2195.0         325,533.89
475763         754.0          326,287.89
475767         882.84         327,170.73
475777         2700.0         329,870.73
475786         900.0          330,770.73
475788         5500.0         336,270.73
475789         2086.0         338,356.73
475791         20000.0        358,356.73
475813         2681.52        361,038.25
475832         3800.0         364,838.25
475853         200.0          365,038.25
475862         3000.0         368,038.25
475863         3559.92        371,598.17
475877         750.0          372,348.17
475880         10000.0        382,348.17
475881         2900.0         385,248.17
475887         1500.0         386,748.17
475900         2024.96        388,773.13
475903         2550.0         391,323.13
475913         500.0          391,823.13
475917         1471.0         393,294.13
475921         1765.86        395,059.99
475923         1462.78        396,522.77
475931         7000.0         403,522.77
475936         2400.0         405,922.77
475937         5500.0         411,422.77
475940         24075.0        435,497.77
475941         4400.0         439,897.77
475945         4926.53        444,824.30
475962         75.0           444,899.30
475966         1300.0         446,199.30
475975         2475.0         448,674.30
475988         1884.24        450,558.54
476005         151.28         450,709.82
476007         417.18         451,127.00
476008         846.6          451,973.60
476011         213.93         452,187.53
476020         355.97         452,543.50
476031         440.0          452,983.50
476044         4300.0         457,283.50
476048         6431.77        463,715.27
476051         651.65         464,366.92
476056         402.31         464,769.23
476066         2850.0         467,619.23
476070         16100.0        483,719.23
476074         775.0          484,494.23
476079         253.0          484,747.23
476088         4500.0         489,247.23
476089         1287.57        490,534.80
476098         11985.09       502,519.89
476111         6500.0         509,019.89
476117         950.0          509,969.89
476119         9000.0         518,969.89
476126         2760.0         521,729.89
476128         3000.0         524,729.89
476142         1238.0         525,967.89
476148         18659.0        544,626.89
476151         2800.0         547,426.89
476153         4000.0         551,426.89
476156         2000.0         553,426.89
476159         1200.0         554,626.89
476163         4500.0         559,126.89
476168         100.0          559,226.89
476169         19.21          559,246.10
476171         310.0          559,556.10
476173         4.16           559,560.26
476175         10.02          559,570.28
476176         633.81         560,204.09
476179         29.63          560,233.72
476183         1753.59        561,987.31
476185         30.03          562,017.34
476189         686.39         562,703.73
476190         1485.0         564,188.73
476191         3069.82        567,258.55
476195         4200.0         571,458.55
476201         7200.0         578,658.55
476207         2500.0         581,158.55
476211         4000.0         585,158.55
476212         10400.0        595,558.55
476213         2500.0         598,058.55
476214         967.43         599,025.98
476215         1500.0         600,525.98
476216         1070.0         601,595.98
476217         1500.0         603,095.98
476218         1000.0         604,095.98
476219         8250.0         612,345.98
476220         6500.0         618,845.98
476221         7500.0         626,345.98
476223         1600.0         627,945.98
476224         970.0          628,915.98
476225         10000.0        638,915.98
476226         4800.0         643,715.98
476227         3523.63        647,239.61
476233         4500.0         651,739.61
476234         1400.0         653,139.61
476242         4000.0         657,139.61
476243         800.0          657,939.61
476247         441.56         658,381.17
476255         300.0          658,681.17
476270         5924.61        664,605.78
476293         1996.0         666,601.78
476294         3023.0         669,624.78
476298         3438.0         673,062.78
476299         2675.0         675,737.78
476303         300.0          676,037.78
476310         3812.46        679,850.24
476311         200.0          680,050.24
476312         4495.07        684,545.31
476313         9000.0         693,545.31
476323         8733.14        702,278.45
476353         375.0          702,653.45
476360         8200.0         710,853.45
476381         4918.17        715,771.62
476409         1658.07        717,429.69
476417         3000.0         720,429.69
476432         2500.0         722,929.69
476443         1115.3         724,044.99
476446         5331.1         729,376.09
476447         11000.0        740,376.09
476451         200.9          740,576.99
476455         474.96         741,051.95
476456         44.84          741,096.79
476459         36.68          741,133.47
476461         45.63          741,179.10
476464         16.69          741,195.79
476466         271.97         741,467.76
476467         35.0           741,502.76
476469         1832.19        743,334.95
476472         55.64          743,390.59
476478         87.81          743,478.40
476482         875.53         744,353.93
476484         5.0            744,358.93
476496         44.14          744,403.07
476498         100.0          744,503.07
476499         136.95         744,640.02
476501         75.64          744,715.66
476502         144.41         744,860.07
476503         58.81          744,918.88
476505         7.48           744,926.36
476506         9.55           744,935.91
476508         339.02         745,274.93
476509         386.24         745,661.17
476526         194.67         745,855.84
476530         152.06         746,007.90
476534         36.0           746,043.90
476536         45.0           746,088.90
476537         41.68          746,130.58
476539         67.0           746,197.58
476540         114.3          746,311.88
476541         23.31          746,335.19
476545         47.14          746,382.33
476547         99.75          746,482.08
476548         31.28          746,513.36
476549         49.75          746,563.11
476553         60.33          746,623.44
476554         178.73         746,802.17
476556         320.0          747,122.17
476557         68.33          747,190.50
476559         294.25         747,484.75
476560         50.0           747,534.75
476561         99.0           747,633.75
476562         189.9          747,823.65
476563         408.18         748,231.83
476565         18.39          748,250.22
476577         2000.0         750,250.22
476578         3748.98        753,999.20
476579         5000.0         758,999.20
476581         4584.1         763,583.30
476582         25000.0        788,583.30
476583         7450.0         796,033.30
476584         500.0          796,533.30
476585         1000.0         797,533.30
476586         23221.23       820,754.53
476587         4000.0         824,754.53
476588         3887.0         828,641.53
476589         3891.88        832,533.41
476590         2843.96        835,377.37
476591         5936.8         841,314.17
476592         2700.0         844,014.17
476594         3799.0         847,813.17
476595         3900.0         851,713.17
476596         2500.0         854,213.17
476597         2600.0         856,813.17
476598         4290.25        861,103.42
476599         749.46         861,852.88
476601         6000.0         867,852.88
476602         1500.0         869,352.88
476603         1198.78        870,551.66
476604         3600.0         874,151.66
476605         6000.0         880,151.66
476606         2400.0         882,551.66
476607         548.11         883,099.77
476608         2693.55        885,793.32
476609         250.0          886,043.32
476610         1205.67        887,248.99
476611         1200.0         888,448.99
476612         1937.11        890,386.10
476613         500.0          890,886.10
476614         13000.0        903,886.10
476615         3000.0         906,886.10
476616         2304.21        909,190.31
476617         2000.0         911,190.31
476618         1540.0         912,730.31
476619         11605.15       924,335.46
476620         2672.27        927,007.73
476621         4100.0         931,107.73
476622         3000.0         934,107.73
476623         1420.0         935,527.73
476624         5000.0         940,527.73
476625         4200.0         944,727.73
476626         2558.89        947,286.62
476640         200.0          947,486.62
476641         1600.0         949,086.62
476658         3183.25        952,269.87
476681         520.78         952,790.65
476687         1070.0         953,860.65
476692         194.29         954,054.94
476695         2533.06        956,588.00
476697         205.68         956,793.68
476707         529.83         957,323.51
476709         4000.0         961,323.51
476723         7500.0         968,823.51
476738         2250.0         971,073.51
476744         11000.0        982,073.51
476753         17600.0        999,673.51
476761         3200.0         1,002,873.51
476772         198.34         1,003,071.85
476773         423.91         1,003,495.76
476774         4900.0         1,008,395.76
476777         6920.0         1,015,315.76
476780         650.0          1,015,965.76
476786         3425.06        1,019,390.82
476789         18000.0        1,037,390.82
476790         7920.0         1,045,310.82
476792         1.01           1,045,311.83
476793         169.77         1,045,481.60
476794         199.06         1,045,680.66
476795         2.61           1,045,683.27
476796         76.0           1,045,759.27
476797         20.0           1,045,779.27
476799         288.64         1,046,067.91
476800         60.0           1,046,127.91
476802         50.0           1,046,177.91
476803         69.31          1,046,247.22
476805         69.3           1,046,316.52
476806         26.15          1,046,342.67
476807         1.53           1,046,344.20
476809         50.0           1,046,394.20
476810         33.23          1,046,427.43
476812         64.05          1,046,491.48
476816         101.26         1,046,592.74
476817         20.63          1,046,613.37
476818         3.36           1,046,616.73
476820         55.41          1,046,672.14
476821         16.66          1,046,688.80
476823         82.8           1,046,771.60
476824         3.58           1,046,775.18
476825         1.25           1,046,776.43
476826         317.55         1,047,093.98
476829         7.28           1,047,101.26
476831         3.45           1,047,104.71
476834         650.0          1,047,754.71
476837         20.0           1,047,774.71
476839         4.43           1,047,779.14
476840         10.0           1,047,789.14
476841         236.3          1,048,025.44
476842         160.75         1,048,186.19
476846         7.05           1,048,193.24
476847         86.61          1,048,279.85
476848         5.0            1,048,284.85
476849         9.76           1,048,294.61
476850         86.84          1,048,381.45
476852         33.1           1,048,414.55
476853         50.0           1,048,464.55
476857         58.66          1,048,523.21
476860         247.06         1,048,770.27
476863         740.21         1,049,510.48
476864         223.42         1,049,733.90
476865         669.02         1,050,402.92
476866         171.01         1,050,573.93
476868         100.0          1,050,673.93
476870         135.01         1,050,808.94
476871         8.53           1,050,817.47
476872         243.16         1,051,060.63
476873         142.65         1,051,203.28
476876         200.0          1,051,403.28
476877         5500.0         1,056,903.28
476879         300.0          1,057,203.28
476881         35.0           1,057,238.28
476883         223.69         1,057,461.97
476884         525.0          1,057,986.97
476887         150.0          1,058,136.97
476888         50.0           1,058,186.97
476889         1500.0         1,059,686.97
476890         11981.27       1,071,668.24
476891         3299.29        1,074,967.53
476892         1580.58        1,076,548.11
476893         9000.0         1,085,548.11
476894         4000.0         1,089,548.11
476895         5341.03        1,094,889.14
476896         4609.06        1,099,498.20
476897         5908.59        1,105,406.79
476898         1610.0         1,107,016.79
476899         2700.0         1,109,716.79
476900         11000.0        1,120,716.79
476901         14232.33       1,134,949.12
476902         3000.0         1,137,949.12
476903         3000.0         1,140,949.12
476904         1000.0         1,141,949.12
476905         3738.0         1,145,687.12
476907         500.0          1,146,187.12
476908         1200.0         1,147,387.12
476909         1721.15        1,149,108.27
476910         2000.0         1,151,108.27
476911         14000.0        1,165,108.27
476912         5000.0         1,170,108.27
476913         6200.0         1,176,308.27
476914         4874.47        1,181,182.74
476915         12000.0        1,193,182.74
476916         19000.0        1,212,182.74
476917         6500.0         1,218,682.74
476918         8500.0         1,227,182.74
476919         615.31         1,227,798.05
476920         4581.19        1,232,379.24
476925         1348.36        1,233,727.60
476931         5000.0         1,238,727.60
476956         1624.63        1,240,352.23
476963         916.0          1,241,268.23
476966         900.0          1,242,168.23
476978         10837.14       1,253,005.37
476980         8808.52        1,261,813.89
476997         1400.0         1,263,213.89
477010         4841.75        1,268,055.64
477011         9270.0         1,277,325.64
477020         1045.21        1,278,370.85
477024         1803.97        1,280,174.82
477052         7000.0         1,287,174.82
477056         7000.0         1,294,174.82
477063         3500.0         1,297,674.82
477071         700.0          1,298,374.82
477073         1198.0         1,299,572.82
477079         12000.0        1,311,572.82
477095         4640.24        1,316,213.06
477097         3657.0         1,319,870.06
477104         589.29         1,320,459.35
477106         5143.93        1,325,603.28
477107         2420.0         1,328,023.28
477110         6148.11        1,334,171.39
477115         151.0          1,334,322.39
477116         66.05          1,334,388.44
477117         202.32         1,334,590.76
477118         406.37         1,334,997.13
477143         35.27          1,335,032.40
477144         75.0           1,335,107.40
477146         42.97          1,335,150.37
477148         4141.44        1,339,291.81
477149         962.0          1,340,253.81
477150         3982.0         1,344,235.81
477151         6000.0         1,350,235.81
477152         5000.0         1,355,235.81
477153         317.33         1,355,553.14
477154         1000.0         1,356,553.14
477155         3000.0         1,359,553.14
477156         365.0          1,359,918.14
477157         1910.0         1,361,828.14
477158         112.79         1,361,940.93
477159         4000.0         1,365,940.93
477160         1000.0         1,366,940.93
477161         5463.69        1,372,404.62
477162         12500.0        1,384,904.62
477163         15000.0        1,399,904.62
477164         4000.0         1,403,904.62
477165         500.0          1,404,404.62
477166         7800.0         1,412,204.62
477167         5669.66        1,417,874.28
477168         3557.57        1,421,431.85
477169         7150.2         1,428,582.05
477170         5203.49        1,433,785.54
477171         862.43         1,434,647.97
477172         3000.0         1,437,647.97
477173         3500.0         1,441,147.97
477174         7064.04        1,448,212.01
477175         2464.0         1,450,676.01
477176         5600.0         1,456,276.01
477177         2166.32        1,458,442.33
477178         4632.52        1,463,074.85
477179         1785.78        1,464,860.63
477180         1622.16        1,466,482.79
477181         3353.01        1,469,835.80
477182         6508.45        1,476,344.25
477183         3000.0         1,479,344.25
477184         1000.0         1,480,344.25
477186         7500.0         1,487,844.25
477187         4503.21        1,492,347.46
477188         1100.0         1,493,447.46
477190         7672.02        1,501,119.48
477191         7200.0         1,508,319.48
477192         7000.0         1,515,319.48
477193         1000.0         1,516,319.48
477195         1048.79        1,517,368.27
477196         4208.24        1,521,576.51
477197         4500.0         1,526,076.51
477198         3400.0         1,529,476.51
477199         4762.0         1,534,238.51
477200         2000.0         1,536,238.51
477201         9500.0         1,545,738.51
477202         2500.0         1,548,238.51
477203         2749.24        1,550,987.75
477204         900.0          1,551,887.75
477205         2442.12        1,554,329.87
477206         2000.0         1,556,329.87
477207         1500.0         1,557,829.87
477208         5000.0         1,562,829.87
477209         21000.0        1,583,829.87
477210         4500.0         1,588,329.87
477211         7402.72        1,595,732.59
477212         2389.34        1,598,121.93
477213         11900.0        1,610,021.93
477214         2705.73        1,612,727.66
477215         1240.0         1,613,967.66
477216         2400.0         1,616,367.66
477217         3000.0         1,619,367.66
477218         8600.0         1,627,967.66
477219         2600.0         1,630,567.66
477220         3555.75        1,634,123.41
477221         2616.46        1,636,739.87
477222         5000.0         1,641,739.87
477223         12129.93       1,653,869.80
477225         1890.89        1,655,760.69
477226         475.0          1,656,235.69
477227         382.45         1,656,618.14
477228         546.35         1,657,164.49
477229         805.03         1,657,969.52
477230         950.0          1,658,919.52
477231         1250.0         1,660,169.52
477232         4158.28        1,664,327.80
477253         4250.41        1,668,578.21
477255         4631.77        1,673,209.98
477256         447.6          1,673,657.58
477258         4127.36        1,677,784.94
477270         6146.38        1,683,931.32
477277         225.13         1,684,156.45
477299         1600.89        1,685,757.34
477311         300.0          1,686,057.34
477312         600.0          1,686,657.34
477331         4500.0         1,691,157.34
477344         569.0          1,691,726.34
477345         1217.0         1,692,943.34
477353         2614.43        1,695,557.77
477356         11820.0        1,707,377.77
477385         2835.9         1,710,213.67
477395         6700.0         1,716,913.67
477396         2600.0         1,719,513.67
477407         5000.0         1,724,513.67
477412         1105.0         1,725,618.67
477413         39.47          1,725,658.14
477417         1.67           1,725,659.81
477419         50.0           1,725,709.81
477423         61.64          1,725,771.45
477428         38.0           1,725,809.45
477430         160.0          1,725,969.45
477434         417.04         1,726,386.49
477437         20.0           1,726,406.49
477439         20.0           1,726,426.49
477443         165.0          1,726,591.49
477444         14.18          1,726,605.67
477445         31.0           1,726,636.67
477446         97.98          1,726,734.65
477452         2.48           1,726,737.13
477455         102.81         1,726,839.94
477457         56.29          1,726,896.23
477458         121.65         1,727,017.88
477460         15.0           1,727,032.88
477462         1.04           1,727,033.92
477463         1.32           1,727,035.24
477464         8.23           1,727,043.47
477467         15.0           1,727,058.47
477471         58.96          1,727,117.43
477472         1000.0         1,728,117.43
477473         200.0          1,728,317.43
477475         853.5          1,729,170.93
477476         50.0           1,729,220.93
477478         259.78         1,729,480.71
477479         100.0          1,729,580.71
477483         109.16         1,729,689.87
477495         86.81          1,729,776.68
477498         40.0           1,729,816.68
477508         483.19         1,730,299.87
477514         56.0           1,730,355.87
477515         6.43           1,730,362.30
477522         23.49          1,730,385.79
477527         16.88          1,730,402.67
477528         100.0          1,730,502.67
477529         190.0          1,730,692.67
477530         249.12         1,730,941.79
477531         49.76          1,730,991.55
477534         488.87         1,731,480.42
477535         35.86          1,731,516.28
477540         121.46         1,731,637.74
477541         270.0          1,731,907.74
477543         1.75           1,731,909.49
477546         56.0           1,731,965.49
477547         1.32           1,731,966.81
477558         490.57         1,732,457.38
477561         109.52         1,732,566.90
477562         100.0          1,732,666.90
477565         346.37         1,733,013.27
477566         14000.0        1,747,013.27
477567         1020.0         1,748,033.27
477568         6000.0         1,754,033.27
477569         750.0          1,754,783.27
477570         1500.0         1,756,283.27
477571         12000.0        1,768,283.27
477572         2835.61        1,771,118.88
477573         1534.79        1,772,653.67
477574         2185.08        1,774,838.75
477575         1649.97        1,776,488.72
477576         2700.0         1,779,188.72
477577         2389.5         1,781,578.22
477578         2861.0         1,784,439.22
477579         7050.0         1,791,489.22
477580         8811.13        1,800,300.35
477581         1200.0         1,801,500.35
477582         4000.0         1,805,500.35
477583         3966.21        1,809,466.56
477584         3800.0         1,813,266.56
477585         1650.0         1,814,916.56
477586         3641.0         1,818,557.56
477587         4000.0         1,822,557.56
477588         3084.0         1,825,641.56
477589         1450.0         1,827,091.56
477590         2000.0         1,829,091.56
477597         500.0          1,829,591.56
477600         3745.0         1,833,336.56
477607         1787.0         1,835,123.56
477610         6500.0         1,841,623.56
477622         4700.0         1,846,323.56
477628         119.05         1,846,442.61
477631         183.52         1,846,626.13
477632         682.77         1,847,308.90
477633         2000.0         1,849,308.90
477634         2900.0         1,852,208.90
477635         4000.0         1,856,208.90
477636         561.44         1,856,770.34
477637         781.68         1,857,552.02
477638         331.56         1,857,883.58
477639         3793.4         1,861,676.98
477640         1000.0         1,862,676.98
477641         4824.34        1,867,501.32
477642         100.0          1,867,601.32
477643         7000.0         1,874,601.32
477645         2593.78        1,877,195.10
477646         13675.82       1,890,870.92
477647         1479.97        1,892,350.89
477648         7025.0         1,899,375.89
477649         2821.61        1,902,197.50
477650         2500.0         1,904,697.50
477651         6932.72        1,911,630.22
477652         2800.0         1,914,430.22
477653         1046.0         1,915,476.22
477654         8119.11        1,923,595.33
477655         3000.0         1,926,595.33
477656         4500.0         1,931,095.33
477657         2354.94        1,933,450.27
477658         2481.01        1,935,931.28
477659         2000.0         1,937,931.28
477660         3700.0         1,941,631.28
477661         5200.0         1,946,831.28
477662         1200.0         1,948,031.28
477663         14500.0        1,962,531.28
477664         1564.0         1,964,095.28
477678         1000.13        1,965,095.41
477680         750.0          1,965,845.41
477695         804.08         1,966,649.49
477696         3139.0         1,969,788.49
477702         1197.48        1,970,985.97
477721         781.0          1,971,766.97
477725         300.0          1,972,066.97
477726         300.0          1,972,366.97
477741         408.0          1,972,774.97
477754         232.53         1,973,007.50
477757         1968.91        1,974,976.41
477784         2753.37        1,977,729.78
477796         2900.0         1,980,629.78
477800         200.0          1,980,829.78
477801         3000.0         1,983,829.78
477810         7658.8         1,991,488.58
477834         9000.0         2,000,488.58
477865         2102.36        2,002,590.94
477897         5400.0         2,007,990.94
477923         7400.0         2,015,390.94
477942         230.0          2,015,620.94
477945         6500.0         2,022,120.94
477948         500.0          2,022,620.94
477963         1815.0         2,024,435.94
477981         2800.0         2,027,235.94
477997         2000.0         2,029,235.94
478000         350.0          2,029,585.94
478005         4500.0         2,034,085.94
478006         7500.0         2,041,585.94
478033         2970.0         2,044,555.94
478054         3500.0         2,048,055.94
478068         5000.0         2,053,055.94
478080         271.0          2,053,326.94
478085         1526.0         2,054,852.94
478097         4000.0         2,058,852.94
478102         5000.0         2,063,852.94
478111         1300.0         2,065,152.94
478137         1723.52        2,066,876.46
478149         1696.96        2,068,573.42
478152         1238.0         2,069,811.42
478204         5400.0         2,075,211.42
478215         2000.0         2,077,211.42
478225         2770.0         2,079,981.42
478236         5000.0         2,084,981.42
478245         10390.0        2,095,371.42
478246         2222.0         2,097,593.42
478255         8000.0         2,105,593.42
478292         4900.0         2,110,493.42
478294         2200.0         2,112,693.42
478299         2500.0         2,115,193.42
478311         12272.8        2,127,466.22
478312         10000.0        2,137,466.22
478332         5000.0         2,142,466.22
478338         1141.0         2,143,607.22
478362         1274.26        2,144,881.48
478374         2500.0         2,147,381.48
478379         361.85         2,147,743.33
478380         1142.91        2,148,886.24
478392         341.34         2,149,227.58
478397         7400.0         2,156,627.58
478403         14600.0        2,171,227.58
478417         1500.0         2,172,727.58
478423         947.0          2,173,674.58
478434         8000.0         2,181,674.58
478477         11.3           2,181,685.88
478489         18.0           2,181,703.88
478490         29.52          2,181,733.40
478493         4.75           2,181,738.15
478494         59.5           2,181,797.65
478497         173.31         2,181,970.96
478499         20.36          2,181,991.32
478502         2.09           2,181,993.41
478505         33.81          2,182,027.22
478507         15.0           2,182,042.22
478508         20.0           2,182,062.22
478510         1026.79        2,183,089.01
478511         20.0           2,183,109.01
478512         282.73         2,183,391.74
478519         52.03          2,183,443.77
478526         82.11          2,183,525.88
478527         672.49         2,184,198.37
478530         10.0           2,184,208.37
478531         356.82         2,184,565.19
478533         8084.0         2,192,649.19
478534         4000.0         2,196,649.19
478535         383.0          2,197,032.19
478536         1000.0         2,198,032.19
478537         2000.0         2,200,032.19
478538         9000.0         2,209,032.19
478539         7000.0         2,216,032.19
478540         1900.0         2,217,932.19
478541         1360.0         2,219,292.19
478542         790.0          2,220,082.19
478543         700.58         2,220,782.77
478544         1367.16        2,222,149.93
478570         175.0          2,222,324.93
478589         215.22         2,222,540.15
478612         12000.0        2,234,540.15
478620         877.73         2,235,417.88
478621         1400.0         2,236,817.88
478627         555.85         2,237,373.73
478632         1709.48        2,239,083.21
478639         400.38         2,239,483.59
478650         1712.68        2,241,196.27
478653         1000.0         2,242,196.27
478671         8500.0         2,250,696.27
478679         6930.0         2,257,626.27
478698         412.0          2,258,038.27
478706         4712.76        2,262,751.03
478716         5690.0         2,268,441.03
478719         5700.0         2,274,141.03
478738         10000.0        2,284,141.03
478796         3400.0         2,287,541.03
478820         790.0          2,288,331.03
478829         2000.0         2,290,331.03
478830         3500.0         2,293,831.03
478863         14300.0        2,308,131.03
478891         10000.0        2,318,131.03
478936         7000.0         2,325,131.03
478946         3000.0         2,328,131.03
478956         3003.88        2,331,134.91
478975         2433.91        2,333,568.82
478989         652.0          2,334,220.82
478993         1200.0         2,335,420.82
478995         398.21         2,335,819.03
478998         1413.73        2,337,232.76
479006         877.8          2,338,110.56
479020         8000.0         2,346,110.56
479058         1696.24        2,347,806.80
479092         5970.0         2,353,776.80
479106         672.2          2,354,449.00
479111         10000.0        2,364,449.00
479117         2500.0         2,366,949.00
479119         5600.0         2,372,549.00
479120         1600.0         2,374,149.00
479121         1141.04        2,375,290.04
479126         1400.0         2,376,690.04
479143         1400.0         2,378,090.04
479169         2800.0         2,380,890.04
479172         1500.0         2,382,390.04
479184         2000.0         2,384,390.04
479185         5500.0         2,389,890.04
479187         12000.0        2,401,890.04
479229         10000.0        2,411,890.04
479239         655.94         2,412,545.98
479247         38000.0        2,450,545.98
479265         46.36          2,450,592.34
479266         42.84          2,450,635.18
479273         41.29          2,450,676.47
479275         5.01           2,450,681.48
479276         422.12         2,451,103.60
479278         10.0           2,451,113.60
479280         26.27          2,451,139.87
479283         84.94          2,451,224.81
479284         39.78          2,451,264.59
479286         6.12           2,451,270.71
479288         278.8          2,451,549.51
479292         60.77          2,451,610.28
479301         200.26         2,451,810.54
479303         2483.34        2,454,293.88
479304         3040.41        2,457,334.29
479306         100.0          2,457,434.29
479307         200.16         2,457,634.45
479308         588.39         2,458,222.84
479309         25.44          2,458,248.28
479313         62.79          2,458,311.07
479316         549.21         2,458,860.28
479323         265.69         2,459,125.97
479330         31.15          2,459,157.12
479331         300.47         2,459,457.59
479332         57.01          2,459,514.60
479333         500.55         2,460,015.15
479334         149.26         2,460,164.41
479337         647.95         2,460,812.36
479341         250.27         2,461,062.63
479342         17.16          2,461,079.79
479343         1000.79        2,462,080.58
479344         87.72          2,462,168.30
479346         54.18          2,462,222.48
479348         199.76         2,462,422.24
479351         1700.01        2,464,122.25
479354         501.27         2,464,623.52
479355         415.31         2,465,038.83
479358         975.01         2,466,013.84
479360         416.72         2,466,430.56
479361         256.4          2,466,686.96
479362         67.72          2,466,754.68
479365         312.17         2,467,066.85
479366         496.52         2,467,563.37
479367         83.54          2,467,646.91
479368         190.32         2,467,837.23
479370         401.11         2,468,238.34
479371         834.9          2,469,073.24
479372         415.31         2,469,488.55
479373         4614.32        2,474,102.87
479375         416.72         2,474,519.59
479377         345.61         2,474,865.20
479380         10.49          2,474,875.69
479395         2.84           2,474,878.53
479400         3765.03        2,478,643.56
479401         6000.0         2,484,643.56
479402         3000.0         2,487,643.56
479403         10000.0        2,497,643.56
479404         900.0          2,498,543.56
479405         993.81         2,499,537.37
479406         706.02         2,500,243.39
479407         810.66         2,501,054.05
479409         500.0          2,501,554.05
479410         10000.0        2,511,554.05
479418         3305.26        2,514,859.31
479419         2000.0         2,516,859.31
479421         2205.65        2,519,064.96
479423         18000.0        2,537,064.96
479424         1400.0         2,538,464.96
479425         2505.99        2,540,970.95
479426         3900.0         2,544,870.95
479427         1500.0         2,546,370.95
479428         500.0          2,546,870.95
479429         700.0          2,547,570.95
479431         668.3          2,548,239.25
479432         4396.0         2,552,635.25
479437         5493.66        2,558,128.91
479455         2079.22        2,560,208.13
479464         4444.82        2,564,652.95
479467         6618.69        2,571,271.64
479490         463.77         2,571,735.41
479515         3400.0         2,575,135.41
479536         12000.0        2,587,135.41
479541         1000.0         2,588,135.41
479594         2641.29        2,590,776.70
479606         5000.0         2,595,776.70
479608         10000.0        2,605,776.70
479613         6015.24        2,611,791.94
479617         1300.0         2,613,091.94
479626         600.0          2,613,691.94
479633         3060.0         2,616,751.94
479667         15000.0        2,631,751.94
479670         9300.0         2,641,051.94
479673         9400.0         2,650,451.94
479682         325.0          2,650,776.94
479683         6000.0         2,656,776.94
479690         4901.62        2,661,678.56
479701         7000.0         2,668,678.56
479719         2276.0         2,670,954.56
479730         12000.0        2,682,954.56
479751         9665.0         2,692,619.56
479755         4000.0         2,696,619.56
479760         10000.0        2,706,619.56
479772         8000.0         2,714,619.56
479783         4500.0         2,719,119.56
479799         160.0          2,719,279.56
479814         1758.68        2,721,038.24
479828         1579.79        2,722,618.03
479870         3000.0         2,725,618.03
479884         428.0          2,726,046.03
479886         1872.0         2,727,918.03
479923         6100.0         2,734,018.03
479956         1134.25        2,735,152.28
479968         6000.0         2,741,152.28
479973         4200.0         2,745,352.28
479974         2300.0         2,747,652.28
479977         8306.8         2,755,959.08
479983         270.0          2,756,229.08
479986         4000.0         2,760,229.08
479996         39.5           2,760,268.58
479997         30.0           2,760,298.58
480000         300.84         2,760,599.42
480006         34.2           2,760,633.62
480007         200.24         2,760,833.86
480008         200.24         2,761,034.10
480012         200.12         2,761,234.22
480014         247.6          2,761,481.82
480016         114.85         2,761,596.67
480020         501.39         2,762,098.06
480021         129.17         2,762,227.23
480022         1002.6         2,763,229.83
480023         300.6          2,763,530.43
480024         27.74          2,763,558.17
480026         200.34         2,763,758.51
480028         134.83         2,763,893.34
480031         200.26         2,764,093.60
480032         28.96          2,764,122.56
480044         64.87          2,764,187.43
480045         164.71         2,764,352.14
480048         64.87          2,764,417.01
480050         751.65         2,765,168.66
480059         63.0           2,765,231.66
480063         52.28          2,765,283.94
480068         2000.0         2,767,283.94
480069         2879.1         2,770,163.04
480073         70.0           2,770,233.04
480074         468.1          2,770,701.14
480094         1650.24        2,772,351.38
480096         3997.0         2,776,348.38
480097         1267.14        2,777,615.52
480098         2700.0         2,780,315.52
480099         2500.0         2,782,815.52
480100         1300.0         2,784,115.52
480101         2400.0         2,786,515.52
480102         7297.95        2,793,813.47
480103         2455.65        2,796,269.12
480104         3356.88        2,799,626.00
480105         3389.23        2,803,015.23
480106         882.52         2,803,897.75
480107         6879.76        2,810,777.51
480108         7169.71        2,817,947.22
480114         3046.37        2,820,993.59
480115         2713.49        2,823,707.08
480116         2490.3         2,826,197.38
480120         3500.0         2,829,697.38
480121         3500.0         2,833,197.38
480122         9050.0         2,842,247.38
480123         6900.0         2,849,147.38
480124         4500.0         2,853,647.38
480125         4000.0         2,857,647.38
480126         2000.0         2,859,647.38
480128         1125.42        2,860,772.80
480129         4800.0         2,865,572.80
480130         2000.0         2,867,572.80
480131         1000.0         2,868,572.80
480132         392.91         2,868,965.71
480133         2189.2         2,871,154.91
480134         3600.0         2,874,754.91
480135         5000.0         2,879,754.91
480137         1069.99        2,880,824.90
480138         5129.81        2,885,954.71
480139         2869.86        2,888,824.57
480140         587.3          2,889,411.87
480141         2500.0         2,891,911.87
480142         2500.0         2,894,411.87
480143         11000.0        2,905,411.87
480145         589.16         2,906,001.03
480147         357.58         2,906,358.61
480148         1500.0         2,907,858.61
480149         3886.33        2,911,744.94
480150         2489.64        2,914,234.58
480151         5000.0         2,919,234.58
480153         4200.0         2,923,434.58
480154         8000.0         2,931,434.58
480155         9556.5         2,940,991.08
480157         3700.0         2,944,691.08
480160         310.0          2,945,001.08
480161         5000.0         2,950,001.08
480162         1400.0         2,951,401.08
480163         3000.0         2,954,401.08
480164         1400.0         2,955,801.08
480165         5050.0         2,960,851.08
480166         6284.81        2,967,135.89
480168         264.71         2,967,400.60
480169         357.91         2,967,758.51
480171         400.0          2,968,158.51
480172         1300.0         2,969,458.51
480173         2100.0         2,971,558.51
480174         2500.0         2,974,058.51
480175         900.0          2,974,958.51
480176         4900.0         2,979,858.51
480295         12700.0        2,992,558.51
480551         12500.0        3,005,058.51
480650         9500.0         3,014,558.51
480787         12000.0        3,026,558.51
480843         1500.0         3,028,058.51
480969         3744.55        3,031,803.06
480971         9470.0         3,041,273.06
482267         1031.44        3,042,304.50
482282         15.0           3,042,319.50
482301         22.75          3,042,342.25
482302         3.29           3,042,345.54
482303         55.42          3,042,400.96
482304         13.47          3,042,414.43
482371         3.5            3,042,417.93
482390         446.96         3,042,864.89
482394         10.0           3,042,874.89
482417         67.17          3,042,942.06
482424         502.75         3,043,444.81
482425         9700.0         3,053,144.81
482426         1666.0         3,054,810.81
482427         5300.0         3,060,110.81
482428         1500.0         3,061,610.81
482429         800.0          3,062,410.81
482432         1357.41        3,063,768.22
482433         470.0          3,064,238.22
482434         1676.01        3,065,914.23
482436         1437.91        3,067,352.14
482437         2612.0         3,069,964.14
482443         1709.6         3,071,673.74
482444         811.11         3,072,484.85
482460         1400.0         3,073,884.85
482624         2619.99        3,076,504.84
483235         325.33         3,076,830.17
483236         344.69         3,077,174.86
483269         1827.82        3,079,002.68
483301         4500.0         3,083,502.68
484265         107.35         3,083,610.03
485167         6000.0         3,089,610.03
485168         4199.65        3,093,809.68
